4704,
719612,
319505,
20384,
439914,
369604,
344872,
10207,
15076,
570253,
569153,
362615,
686083,
681822,
374074,
381990,
21276,
21484,
662377,
44020,
542107,
535432,
342598,
32785,
37241,
371148,
447599,
687884,
585375,
447107,
11055,
445326,
689517,
609164,
492809,
9992,
23361,
368708,
604886,
10979,
41711,
34683,
382891,
553786,
587087,
582784,
5718,
12968,
684756,
12741,
10361,
643519,
409905,
13935,
50810,
7546,
51646,
28013,
345008,
689199,
53487,
502576,
576534,
31933,
13074,
42695,
52159,
359957,
13429,
16792,
632095,
18257,
47233,
585420,
700508,
700164,
2130,
49157,
23491,
390882,
46327,
10481,
52317,
339064,
4125,
589254,
455775,
37074,
35807,
492690,
644194,
583636,
1892,
33964,
732393,
322883,
683651,
8706,
19673,
371605,
43077,
416596,
44076,
51677,
51566,
649486,
49832,
317700,
47340,
553826,
15325,
46873,
587741,
29064,
45820